0.000000 0.000000 0.000000 0.000000
0.005000 0.015707 0.015707 0.015707
0.010000 0.031411 0.031411 0.031411
0.015000 0.047106 0.047106 0.047106
0.020000 0.062791 0.062791 0.062791
0.025000 0.078459 0.078459 0.078459
0.030000 0.094108 0.094108 0.094108
0.035000 0.109734 0.109734 0.109734
0.040000 0.125333 0.125333 0.125333
0.045000 0.140901 0.140901 0.140901
0.050000 0.156434 0.156434 0.156434
0.055000 0.171929 0.171929 0.171929
0.060000 0.187381 0.187381 0.187381
0.065000 0.202787 0.202787 0.202787
0.070000 0.218143 0.218143 0.218143
0.075000 0.233445 0.233445 0.233445
0.080000 0.248690 0.248690 0.248690
0.085000 0.263873 0.263873 0.263873
0.090000 0.278991 0.278991 0.278991
0.095000 0.294040 0.294040 0.294040
0.100000 0.309017 0.309017 0.309017
0.105000 0.323917 0.323917 0.323917
0.110000 0.338738 0.338738 0.338738
0.115000 0.353475 0.353475 0.353475
0.120000 0.368125 0.368125 0.368125
0.125000 0.382683 0.382683 0.382683
0.130000 0.397148 0.397148 0.397148
0.135000 0.411514 0.411514 0.411514
0.140000 0.425779 0.425779 0.425779
0.145000 0.439939 0.439939 0.439939
0.150000 0.453990 0.453990 0.453990
0.155000 0.467930 0.467930 0.467930
0.160000 0.481754 0.481754 0.481754
0.165000 0.495459 0.495459 0.495459
0.170000 0.509041 0.509041 0.509041
0.175000 0.522499 0.522499 0.522499
0.180000 0.535827 0.535827 0.535827
0.185000 0.549023 0.549023 0.549023
0.190000 0.562083 0.562083 0.562083
0.195000 0.575005 0.575005 0.575005
0.200000 0.587785 0.587785 0.587785
0.205000 0.600420 0.600420 0.600420
0.210000 0.612907 0.612907 0.612907
0.215000 0.625243 0.625243 0.625243
0.220000 0.637424 0.637424 0.637424
0.225000 0.649448 0.649448 0.649448
0.230000 0.661312 0.661312 0.661312
0.235000 0.673013 0.673013 0.673013
0.240000 0.684547 0.684547 0.684547
0.245000 0.695913 0.695913 0.695913
0.250000 0.707107 0.707107 0.707107
0.255000 0.718126 0.718126 0.718126
0.260000 0.728969 0.728969 0.728969
0.265000 0.739631 0.739631 0.739631
0.270000 0.750111 0.750111 0.750111
0.275000 0.760406 0.760406 0.760406
0.280000 0.770513 0.770513 0.770513
0.285000 0.780430 0.780430 0.780430
0.290000 0.790155 0.790155 0.790155
0.295000 0.799685 0.799685 0.799685
0.300000 0.809017 0.809017 0.809017
0.305000 0.818150 0.818150 0.818150
0.310000 0.827081 0.827081 0.827081
0.315000 0.835807 0.835807 0.835807
0.320000 0.844328 0.844328 0.844328
0.325000 0.852640 0.852640 0.852640
0.330000 0.860742 0.860742 0.860742
0.335000 0.868632 0.868632 0.868632
0.340000 0.876307 0.876307 0.876307
0.345000 0.883766 0.883766 0.883766
0.350000 0.891007 0.891007 0.891007
0.355000 0.898028 0.898028 0.898028
0.360000 0.904827 0.904827 0.904827
0.365000 0.911403 0.911403 0.911403
0.370000 0.917755 0.917755 0.917755
0.375000 0.923880 0.923880 0.923880
0.380000 0.929776 0.929776 0.929776
0.385000 0.935444 0.935444 0.935444
0.390000 0.940881 0.940881 0.940881
0.395000 0.946085 0.946085 0.946085
0.400000 0.951057 0.951057 0.951057
0.405000 0.955793 0.955793 0.955793
0.410000 0.960294 0.960294 0.960294
0.415000 0.964557 0.964557 0.964557
0.420000 0.968583 0.968583 0.968583
0.425000 0.972370 0.972370 0.972370
0.430000 0.975917 0.975917 0.975917
0.435000 0.979223 0.979223 0.979223
0.440000 0.982287 0.982287 0.982287
0.445000 0.985109 0.985109 0.985109
0.450000 0.987688 0.987688 0.987688
0.455000 0.990024 0.990024 0.990024
0.460000 0.992115 0.992115 0.992115
0.465000 0.993961 0.993961 0.993961
0.470000 0.995562 0.995562 0.995562
0.475000 0.996917 0.996917 0.996917
0.480000 0.998027 0.998027 0.998027
0.485000 0.998890 0.998890 0.998890
0.490000 0.999507 0.999507 0.999507
0.495000 0.999877 0.999877 0.999877
0.500000 1.000000 1.000000 1.000000
0.505000 0.999877 0.999877 0.999877
0.510000 0.999507 0.999507 0.999507
0.515000 0.998890 0.998890 0.998890
0.520000 0.998027 0.998027 0.998027
0.525000 0.996917 0.996917 0.996917
0.530000 0.995562 0.995562 0.995562
0.535000 0.993961 0.993961 0.993961
0.540000 0.992115 0.992115 0.992115
0.545000 0.990024 0.990024 0.990024
0.550000 0.987688 0.987688 0.987688
0.555000 0.985109 0.985109 0.985109
0.560000 0.982287 0.982287 0.982287
0.565000 0.979223 0.979223 0.979223
0.570000 0.975917 0.975917 0.975917
0.575000 0.972370 0.972370 0.972370
0.580000 0.968583 0.968583 0.968583
0.585000 0.964557 0.964557 0.964557
0.590000 0.960294 0.960294 0.960294
0.595000 0.955793 0.955793 0.955793
0.600000 0.951057 0.951057 0.951057
0.605000 0.946085 0.946085 0.946085
0.610000 0.940881 0.940881 0.940881
0.615000 0.935444 0.935444 0.935444
0.620000 0.929776 0.929776 0.929776
0.625000 0.923880 0.923880 0.923880
0.630000 0.917755 0.917755 0.917755
0.635000 0.911403 0.911403 0.911403
0.640000 0.904827 0.904827 0.904827
0.645000 0.898028 0.898028 0.898028
0.650000 0.891007 0.891007 0.891007
0.655000 0.883766 0.883766 0.883766
0.660000 0.876307 0.876307 0.876307
0.665000 0.868632 0.868632 0.868632
0.670000 0.860742 0.860742 0.860742
0.675000 0.852640 0.852640 0.852640
0.680000 0.844328 0.844328 0.844328
0.685000 0.835807 0.835807 0.835807
0.690000 0.827081 0.827081 0.827081
0.695000 0.818150 0.818150 0.818150
0.700000 0.809017 0.809017 0.809017
0.705000 0.799685 0.799685 0.799685
0.710000 0.790155 0.790155 0.790155
0.715000 0.780430 0.780430 0.780430
0.720000 0.770513 0.770513 0.770513
0.725000 0.760406 0.760406 0.760406
0.730000 0.750111 0.750111 0.750111
0.735000 0.739631 0.739631 0.739631
0.740000 0.728969 0.728969 0.728969
0.745000 0.718126 0.718126 0.718126
0.750000 0.707107 0.707107 0.707107
0.755000 0.695913 0.695913 0.695913
0.760000 0.684547 0.684547 0.684547
0.765000 0.673013 0.673013 0.673013
0.770000 0.661312 0.661312 0.661312
0.775000 0.649448 0.649448 0.649448
0.780000 0.637424 0.637424 0.637424
0.785000 0.625243 0.625243 0.625243
0.790000 0.612907 0.612907 0.612907
0.795000 0.600420 0.600420 0.600420
0.800000 0.587785 0.587785 0.587785
0.805000 0.575005 0.575005 0.575005
0.810000 0.562083 0.562083 0.562083
0.815000 0.549023 0.549023 0.549023
0.820000 0.535827 0.535827 0.535827
0.825000 0.522499 0.522499 0.522499
0.830000 0.509041 0.509041 0.509041
0.835000 0.495459 0.495459 0.495459
0.840000 0.481754 0.481754 0.481754
0.845000 0.467930 0.467930 0.467930
0.850000 0.453990 0.453990 0.453990
0.855000 0.439939 0.439939 0.439939
0.860000 0.425779 0.425779 0.425779
0.865000 0.411514 0.411514 0.411514
0.870000 0.397148 0.397148 0.397148
0.875000 0.382683 0.382683 0.382683
0.880000 0.368125 0.368125 0.368125
0.885000 0.353475 0.353475 0.353475
0.890000 0.338738 0.338738 0.338738
0.895000 0.323917 0.323917 0.323917
0.900000 0.309017 0.309017 0.309017
0.905000 0.294040 0.294040 0.294040
0.910000 0.278991 0.278991 0.278991
0.915000 0.263873 0.263873 0.263873
0.920000 0.248690 0.248690 0.248690
0.925000 0.233445 0.233445 0.233445
0.930000 0.218143 0.218143 0.218143
0.935000 0.202787 0.202787 0.202787
0.940000 0.187381 0.187381 0.187381
0.945000 0.171929 0.171929 0.171929
0.950000 0.156434 0.156434 0.156434
0.955000 0.140901 0.140901 0.140901
0.960000 0.125333 0.125333 0.125333
0.965000 0.109734 0.109734 0.109734
0.970000 0.094108 0.094108 0.094108
0.975000 0.078459 0.078459 0.078459
0.980000 0.062791 0.062791 0.062791
0.985000 0.047106 0.047106 0.047106
0.990000 0.031411 0.031411 0.031411
0.995000 0.015707 0.015707 0.015707
1.000000 0.000000 0.000000 0.000000
