-6.000000 0.027027 0.027027 0.065060
-5.940000 0.027561 -2.353746 0.017348
-5.880000 0.028110 -3.927275 -0.005195
-5.820000 0.028676 -4.865430 -0.010417
-5.760000 0.029259 -5.312727 -0.004486
-5.700000 0.029860 -5.389753 0.007847
-5.640000 0.030479 -5.196247 0.023014
-5.580000 0.031117 -4.813861 0.038432
-5.520000 0.031776 -4.308646 0.052321
-5.460000 0.032455 -3.733253 0.063550
-5.400000 0.033156 -3.128912 0.071503
-5.340000 0.033880 -2.527172 0.075965
-5.280000 0.034628 -1.951445 0.077022
-5.220000 0.035400 -1.418370 0.074982
-5.160000 0.036198 -0.938999 0.070299
-5.100000 0.037023 -0.519843 0.063521
-5.040000 0.037876 -0.163771 0.055242
-4.980000 0.038759 0.129207 0.046062
-4.920000 0.039672 0.361275 0.036561
-4.860000 0.040618 0.536239 0.027273
-4.800000 0.041597 0.659050 0.018674
-4.740000 0.042612 0.735397 0.011167
-4.680000 0.043664 0.771383 0.005081
-4.620000 0.044754 0.773249 0.000662
-4.560000 0.045885 0.747163 -0.001924
-4.500000 0.047059 0.699050 -0.002587
-4.440000 0.048277 0.634463 -0.001308
-4.380000 0.049543 0.558493 0.001864
-4.320000 0.050858 0.475707 0.006824
-4.260000 0.052226 0.390109 0.013415
-4.200000 0.053648 0.305129 0.021440
-4.140000 0.055128 0.223618 0.030667
-4.080000 0.056669 0.147873 0.040844
-4.020000 0.058274 0.079657 0.051700
-3.960000 0.059946 0.020237 0.062959
-3.900000 0.061690 -0.029569 0.074345
-3.840000 0.063510 -0.069353 0.085589
-3.780000 0.065409 -0.099063 0.096437
-3.720000 0.067393 -0.118951 0.106653
-3.660000 0.069466 -0.129529 0.116027
-3.600000 0.071633 -0.131515 0.124374
-3.540000 0.073901 -0.125785 0.131543
-3.480000 0.076275 -0.113334 0.137416
-3.420000 0.078762 -0.095229 0.141910
-3.360000 0.081370 -0.072576 0.144977
-3.300000 0.084104 -0.046481 0.146605
-3.240000 0.086975 -0.018027 0.146820
-3.180000 0.089990 0.011758 0.145679
-3.120000 0.093158 0.041917 0.143273
-3.060000 0.096492 0.071584 0.139724
-3.000000 0.100000 0.100000 0.135181
-2.940000 0.103696 0.126517 0.129817
-2.880000 0.107592 0.150607 0.123829
-2.820000 0.111702 0.171868 0.117429
-2.760000 0.116042 0.190017 0.110844
-2.700000 0.120627 0.204895 0.104313
-2.640000 0.125477 0.216455 0.098078
-2.580000 0.130610 0.224760 0.092388
-2.520000 0.136047 0.229970 0.087487
-2.460000 0.141812 0.232336 0.083617
-2.400000 0.147929 0.232185 0.081007
-2.340000 0.154426 0.229910 0.079880
-2.280000 0.161332 0.225954 0.080438
-2.220000 0.168680 0.220801 0.082869
-2.160000 0.176504 0.214961 0.087338
-2.100000 0.184843 0.208956 0.093988
-2.040000 0.193738 0.203311 0.102936
-1.980000 0.203236 0.198536 0.114272
-1.920000 0.213383 0.195123 0.128060
-1.860000 0.224235 0.193530 0.144331
-1.800000 0.235849 0.194172 0.163090
-1.740000 0.248287 0.197418 0.184310
-1.680000 0.261616 0.203577 0.207935
-1.620000 0.275908 0.212900 0.233879
-1.560000 0.291240 0.225570 0.262027
-1.500000 0.307692 0.241701 0.292239
-1.440000 0.325351 0.261339 0.324344
-1.380000 0.344305 0.284458 0.358153
-1.320000 0.364644 0.310961 0.393448
-1.260000 0.386458 0.340686 0.429996
-1.200000 0.409836 0.373405 0.467544
-1.140000 0.434858 0.408831 0.505822
-1.080000 0.461595 0.446620 0.544550
-1.020000 0.490100 0.486382 0.583439
-0.960000 0.520400 0.527682 0.622189
-0.900000 0.552486 0.570050 0.660501
-0.840000 0.586304 0.612991 0.698072
-0.780000 0.621736 0.655988 0.734603
-0.720000 0.658588 0.698514 0.769800
-0.660000 0.696573 0.740039 0.803376
-0.600000 0.735294 0.780040 0.835056
-0.540000 0.774234 0.818004 0.864580
-0.480000 0.812744 0.853445 0.891703
-0.420000 0.850051 0.885901 0.916199
-0.360000 0.885269 0.914950 0.937862
-0.300000 0.917431 0.940211 0.956511
-0.240000 0.945537 0.961350 0.971989
-0.180000 0.968617 0.978090 0.984166
-0.120000 0.985804 0.990208 0.992938
-0.060000 0.996413 0.997544 0.998231
0.000000 1.000000 1.000000 1.000000
0.060000 0.996413 0.997544 0.998231
0.120000 0.985804 0.990208 0.992938
0.180000 0.968617 0.978090 0.984166
0.240000 0.945537 0.961350 0.971989
0.300000 0.917431 0.940211 0.956511
0.360000 0.885269 0.914950 0.937862
0.420000 0.850051 0.885901 0.916199
0.480000 0.812744 0.853445 0.891703
0.540000 0.774234 0.818004 0.864580
0.600000 0.735294 0.780040 0.835056
0.660000 0.696573 0.740039 0.803376
0.720000 0.658588 0.698514 0.769800
0.780000 0.621736 0.655988 0.734603
0.840000 0.586304 0.612991 0.698072
0.900000 0.552486 0.570050 0.660501
0.960000 0.520400 0.527682 0.622189
1.020000 0.490100 0.486382 0.583439
1.080000 0.461595 0.446620 0.544550
1.140000 0.434858 0.408831 0.505822
1.200000 0.409836 0.373405 0.467544
1.260000 0.386458 0.340686 0.429996
1.320000 0.364644 0.310961 0.393448
1.380000 0.344305 0.284458 0.358153
1.440000 0.325351 0.261339 0.324344
1.500000 0.307692 0.241701 0.292239
1.560000 0.291240 0.225570 0.262027
1.620000 0.275908 0.212900 0.233879
1.680000 0.261616 0.203577 0.207935
1.740000 0.248287 0.197418 0.184310
1.800000 0.235849 0.194172 0.163090
1.860000 0.224235 0.193530 0.144331
1.920000 0.213383 0.195123 0.128060
1.980000 0.203236 0.198536 0.114272
2.040000 0.193738 0.203311 0.102936
2.100000 0.184843 0.208956 0.093988
2.160000 0.176504 0.214961 0.087338
2.220000 0.168680 0.220801 0.082869
2.280000 0.161332 0.225954 0.080438
2.340000 0.154426 0.229910 0.079880
2.400000 0.147929 0.232185 0.081007
2.460000 0.141812 0.232336 0.083617
2.520000 0.136047 0.229970 0.087487
2.580000 0.130610 0.224760 0.092388
2.640000 0.125477 0.216455 0.098078
2.700000 0.120627 0.204895 0.104313
2.760000 0.116042 0.190017 0.110844
2.820000 0.111702 0.171868 0.117429
2.880000 0.107592 0.150607 0.123829
2.940000 0.103696 0.126517 0.129817
3.000000 0.100000 0.100000 0.135181
3.060000 0.096492 0.071584 0.139724
3.120000 0.093158 0.041917 0.143273
3.180000 0.089990 0.011758 0.145679
3.240000 0.086975 -0.018027 0.146820
3.300000 0.084104 -0.046481 0.146605
3.360000 0.081370 -0.072576 0.144977
3.420000 0.078762 -0.095229 0.141910
3.480000 0.076275 -0.113334 0.137416
3.540000 0.073901 -0.125785 0.131543
3.600000 0.071633 -0.131515 0.124374
3.660000 0.069466 -0.129529 0.116027
3.720000 0.067393 -0.118951 0.106653
3.780000 0.065409 -0.099063 0.096437
3.840000 0.063510 -0.069353 0.085589
3.900000 0.061690 -0.029569 0.074345
3.960000 0.059946 0.020237 0.062959
4.020000 0.058274 0.079657 0.051700
4.080000 0.056669 0.147873 0.040844
4.140000 0.055128 0.223618 0.030667
4.200000 0.053648 0.305129 0.021440
4.260000 0.052226 0.390109 0.013415
4.320000 0.050858 0.475707 0.006824
4.380000 0.049543 0.558493 0.001864
4.440000 0.048277 0.634463 -0.001308
4.500000 0.047059 0.699050 -0.002587
4.560000 0.045885 0.747163 -0.001924
4.620000 0.044754 0.773249 0.000662
4.680000 0.043664 0.771383 0.005081
4.740000 0.042612 0.735397 0.011167
4.800000 0.041597 0.659050 0.018674
4.860000 0.040618 0.536239 0.027273
4.920000 0.039672 0.361275 0.036561
4.980000 0.038759 0.129207 0.046062
5.040000 0.037876 -0.163771 0.055242
5.100000 0.037023 -0.519843 0.063521
5.160000 0.036198 -0.938999 0.070299
5.220000 0.035400 -1.418370 0.074982
5.280000 0.034628 -1.951445 0.077022
5.340000 0.033880 -2.527172 0.075965
5.400000 0.033156 -3.128912 0.071503
5.460000 0.032455 -3.733253 0.063550
5.520000 0.031776 -4.308646 0.052321
5.580000 0.031117 -4.813861 0.038432
5.640000 0.030479 -5.196247 0.023014
5.700000 0.029860 -5.389753 0.007847
5.760000 0.029259 -5.312727 -0.004486
5.820000 0.028676 -4.865430 -0.010417
5.880000 0.028110 -3.927275 -0.005195
5.940000 0.027561 -2.353746 0.017348
6.000000 0.027027 0.027027 0.065060
